1.obj 3.058823529411764941e-01 4.745098039215686070e-01 6.549019607843137303e-01 -5.146021842956542969e-01 -7.800835371017456055e-02 2.596538327634334564e-02 -1.573866605758666992e+00 -1.840228736400604248e-01 -1.569833755493164062e+00
1.obj 3.490196078431372362e-01 6.313725490196078205e-01 3.098039215686274606e-01 -3.296298682689666748e-01 1.171026974916458130e-01 2.599995210766792297e-02 1.570852160453796387e+00 -8.161864876747131348e-01 6.360687257256358862e-05
0.obj 9.294117647058823817e-01 7.882352941176470340e-01 2.823529411764705843e-01 6.695171445608139038e-02 -7.594135403633117676e-01 1.349995844066143036e-02 -1.570797443389892578e+00 6.129609346389770508e-01 -1.570792317390441895e+00
1.obj 1.000000000000000000e+00 3.411764705882353033e-01 3.490196078431372362e-01 -6.780357360839843750e-01 1.417638212442398071e-01 2.596538327634334564e-02 -1.577954530715942383e+00 1.135487198829650879e+00 -1.562781214714050293e+00
0.obj 6.117647058823529882e-01 4.588235294117646856e-01 3.725490196078431460e-01 -5.022001266479492188e-01 6.208422034978866577e-02 1.349996216595172882e-02 1.570804953575134277e+00 1.460762023925781250e+00 1.570791482925415039e+00
0.obj 9.490196078431372140e-01 5.568627450980392357e-01 1.686274509803921684e-01 -3.321508765220642090e-01 -5.690669175237417221e-03 1.349996589124202728e-02 -1.570799827575683594e+00 1.297684907913208008e+00 -1.570789933204650879e+00
0.obj 7.294117647058823151e-01 6.901960784313725394e-01 6.745098039215686736e-01 -3.336102962493896484e-01 -1.148307472467422485e-01 2.599977888166904449e-02 -1.571144819259643555e+00 -5.170497298240661621e-01 3.141438722610473633e+00
1.obj 6.901960784313725394e-01 4.784313725490196290e-01 6.313725490196078205e-01 -6.772500276565551758e-01 -1.289173811674118042e-01 2.596073411405086517e-02 -1.581891059875488281e+00 -1.304650545120239258e+00 -1.580122828483581543e+00
1.obj 4.627450980392157076e-01 7.176470588235294157e-01 6.980392156862744724e-01 -2.748926877975463867e-01 -5.991796255111694336e-01 2.589516900479793549e-02 1.568418622016906738e+00 1.417940735816955566e+00 -1.563357710838317871e+00
1.obj 1.000000000000000000e+00 6.156862745098039547e-01 6.549019607843137303e-01 -6.983460187911987305e-01 1.270327903330326080e-02 2.598068676888942719e-02 -1.570029377937316895e+00 9.191399812698364258e-01 -3.140302181243896484e+00
