1.obj 3.058823529411764941e-01 4.745098039215686070e-01 6.549019607843137303e-01 -5.895064473152160645e-01 -5.300141125917434692e-02 2.596538327634334564e-02 -1.573868393898010254e+00 -1.871374994516372681e-01 -1.569843411445617676e+00
1.obj 3.490196078431372362e-01 6.313725490196078205e-01 3.098039215686274606e-01 -9.655664563179016113e-01 -8.228278160095214844e-01 2.598700858652591705e-02 1.572128534317016602e+00 -7.875564694404602051e-01 4.837108426727354527e-04
0.obj 9.294117647058823817e-01 7.882352941176470340e-01 2.823529411764705843e-01 -3.315933346748352051e-01 1.086273342370986938e-01 1.349795144051313400e-02 -1.570847153663635254e+00 1.398740053176879883e+00 1.570866703987121582e+00
1.obj 1.000000000000000000e+00 3.411764705882353033e-01 3.490196078431372362e-01 -5.944073796272277832e-01 1.363472193479537964e-01 2.596538886427879333e-02 -1.575114011764526367e+00 7.966454625129699707e-01 -1.566184997558593750e+00
0.obj 6.117647058823529882e-01 4.588235294117646856e-01 3.725490196078431460e-01 -6.760938167572021484e-01 -7.196534276008605957e-01 1.349996030330657959e-02 1.570799112319946289e+00 1.176026463508605957e+00 1.570797204971313477e+00
0.obj 9.490196078431372140e-01 5.568627450980392357e-01 1.686274509803921684e-01 -3.195864558219909668e-01 -1.939398609101772308e-02 1.348993368446826935e-02 -1.569913625717163086e+00 2.801333069801330566e-01 -1.570624351501464844e+00
0.obj 7.294117647058823151e-01 6.901960784313725394e-01 6.745098039215686736e-01 -9.270433187484741211e-01 -7.768440842628479004e-01 1.349721383303403854e-02 1.570795297622680664e+00 3.315896987915039062e-01 1.570789575576782227e+00
1.obj 6.901960784313725394e-01 4.784313725490196290e-01 6.313725490196078205e-01 -6.268588900566101074e-01 -1.799442768096923828e-01 2.596538327634334564e-02 -1.582408905029296875e+00 -1.307857275009155273e+00 -1.580485224723815918e+00
1.obj 4.627450980392157076e-01 7.176470588235294157e-01 6.980392156862744724e-01 -8.666795492172241211e-01 -7.796576023101806641e-01 2.594130113720893860e-02 1.571686983108520508e+00 5.398549437522888184e-01 -1.565237402915954590e+00
1.obj 1.000000000000000000e+00 6.156862745098039547e-01 6.549019607843137303e-01 -6.302508711814880371e-01 4.572075977921485901e-02 2.590162493288516998e-02 -1.562050700187683105e+00 1.316838741302490234e+00 1.565343022346496582e+00
