1.obj 3.058823529411764941e-01 4.745098039215686070e-01 6.549019607843137303e-01 -5.670090913772583008e-01 8.657938241958618164e-02 2.599961496889591217e-02 -1.568790555000305176e+00 1.537450194358825684e+00 -2.035279059782624245e-03
1.obj 3.490196078431372362e-01 6.313725490196078205e-01 3.098039215686274606e-01 -5.171748995780944824e-01 1.426442991942167282e-02 2.598911896347999573e-02 7.885096129029989243e-04 -5.622945609502494335e-04 1.662638306617736816e+00
0.obj 9.294117647058823817e-01 7.882352941176470340e-01 2.823529411764705843e-01 -4.051167964935302734e-01 -1.503901463001966476e-02 1.350071839988231659e-02 -1.571061968803405762e+00 9.148866534233093262e-01 -1.571239590644836426e+00
1.obj 1.000000000000000000e+00 3.411764705882353033e-01 3.490196078431372362e-01 -4.267376959323883057e-01 -1.006451472640037537e-01 2.599856816232204437e-02 3.141298532485961914e+00 1.598862290848046541e-04 2.168615341186523438e+00
0.obj 6.117647058823529882e-01 4.588235294117646856e-01 3.725490196078431460e-01 -5.272662043571472168e-01 -1.117801889777183533e-01 1.344994455575942993e-02 1.557196855545043945e+00 1.152638792991638184e+00 1.586675763130187988e+00
0.obj 9.490196078431372140e-01 5.568627450980392357e-01 1.686274509803921684e-01 -4.479467868804931641e-01 -1.655754297971725464e-01 1.346505153924226761e-02 -1.571115970611572266e+00 8.835313916206359863e-01 -1.570913910865783691e+00
0.obj 7.294117647058823151e-01 6.901960784313725394e-01 6.745098039215686736e-01 -6.272734403610229492e-01 -6.354936212301254272e-02 2.590759471058845520e-02 5.029461383819580078e-01 -6.714015007019042969e-01 -2.416810035705566406e+00
1.obj 6.901960784313725394e-01 4.784313725490196290e-01 6.313725490196078205e-01 -3.917436897754669189e-01 6.915645301342010498e-02 2.598963119089603424e-02 4.604353453032672405e-04 -1.931039849296212196e-03 -1.252393364906311035e+00
1.obj 4.627450980392157076e-01 7.176470588235294157e-01 6.980392156862744724e-01 -5.878261923789978027e-01 1.234180852770805359e-02 2.596149779856204987e-02 1.570739269256591797e+00 3.169797956943511963e-01 -1.569428563117980957e+00
1.obj 1.000000000000000000e+00 6.156862745098039547e-01 6.549019607843137303e-01 -6.281245946884155273e-01 1.001930013298988342e-01 2.599265240132808685e-02 -3.140804052352905273e+00 6.876935367472469807e-05 3.110874593257904053e-01
1.obj 3.058823529411764941e-01 4.745098039215686070e-01 6.549019607843137303e-01 -4.582338929176330566e-01 7.431761920452117920e-02 2.596055530011653900e-02 -1.628326892852783203e+00 1.530951619148254395e+00 -1.512384533882141113e+00
1.obj 3.490196078431372362e-01 6.313725490196078205e-01 3.098039215686274606e-01 -3.959785103797912598e-01 -1.584728248417377472e-02 5.298847705125808716e-02 3.139139652252197266e+00 2.559078857302665710e-03 1.553280353546142578e+00
0.obj 9.294117647058823817e-01 7.882352941176470340e-01 2.823529411764705843e-01 -4.713391661643981934e-01 -5.513126775622367859e-02 1.343982201069593430e-02 -1.537916064262390137e+00 -1.273885011672973633e+00 -1.533185124397277832e+00
0.obj 1.000000000000000000e+00 3.411764705882353033e-01 3.490196078431372362e-01 -5.769718885421752930e-01 4.627934098243713379e-02 6.548304855823516846e-02 1.572295069694519043e+00 -5.644261837005615234e-01 -1.568762183189392090e+00
1.obj 6.117647058823529882e-01 4.588235294117646856e-01 3.725490196078431460e-01 -5.388175249099731445e-01 -5.117019265890121460e-02 2.596476301550865173e-02 -1.573471665382385254e+00 2.099921852350234985e-01 -1.568931341171264648e+00
0.obj 9.490196078431372140e-01 5.568627450980392357e-01 1.686274509803921684e-01 -4.582926332950592041e-01 1.398942433297634125e-02 2.559394761919975281e-02 -2.089620351791381836e+00 -1.550353318452835083e-01 1.356506466865539551e+00
0.obj 7.294117647058823151e-01 6.901960784313725394e-01 6.745098039215686736e-01 -4.025784134864807129e-01 4.688570648431777954e-02 6.541282683610916138e-02 1.576292753219604492e+00 9.902887046337127686e-02 1.573462247848510742e+00
0.obj 6.901960784313725394e-01 4.784313725490196290e-01 6.313725490196078205e-01 -6.101185083389282227e-01 -1.168129891157150269e-01 1.346204150468111038e-02 -1.556179404258728027e+00 1.293038964271545410e+00 -1.583877086639404297e+00
0.obj 4.627450980392157076e-01 7.176470588235294157e-01 6.980392156862744724e-01 -5.137489438056945801e-01 -2.209122180938720703e-01 1.348566077649593353e-02 -1.574592590332031250e+00 -1.542063355445861816e+00 1.567294597625732422e+00
0.obj 1.000000000000000000e+00 6.156862745098039547e-01 6.549019607843137303e-01 -5.905109643936157227e-01 -4.806473478674888611e-02 3.825771436095237732e-02 2.680485486984252930e+00 -6.129983663558959961e-01 -9.400998055934906006e-02
0.obj 3.058823529411764941e-01 4.745098039215686070e-01 6.549019607843137303e-01 -4.696461260318756104e-01 1.771574020385742188e-01 1.349830348044633865e-02 -1.568683385848999023e+00 -8.145381808280944824e-01 -1.568392515182495117e+00
0.obj 3.490196078431372362e-01 6.313725490196078205e-01 3.098039215686274606e-01 -7.221876382827758789e-01 -9.897737205028533936e-02 1.349988114088773727e-02 -1.570795655250549316e+00 -4.923533797264099121e-01 1.570798993110656738e+00
0.obj 9.294117647058823817e-01 7.882352941176470340e-01 2.823529411764705843e-01 -4.671700596809387207e-01 3.472888842225074768e-02 5.950235202908515930e-02 1.911855936050415039e+00 -1.292250156402587891e+00 1.510910630226135254e+00
0.obj 1.000000000000000000e+00 3.411764705882353033e-01 3.490196078431372362e-01 -5.742243528366088867e-01 1.930517703294754028e-01 1.349997520446777344e-02 1.570732474327087402e+00 -1.410875171422958374e-01 1.570856571197509766e+00
1.obj 6.117647058823529882e-01 4.588235294117646856e-01 3.725490196078431460e-01 -6.314572095870971680e-01 9.482423216104507446e-02 7.796564698219299316e-02 3.141290664672851562e+00 4.218956746626645327e-06 -2.446998596191406250e+00
0.obj 9.490196078431372140e-01 5.568627450980392357e-01 1.686274509803921684e-01 -5.086114406585693359e-01 7.946111261844635010e-02 2.599579654633998871e-02 -1.572217702865600586e+00 -5.608582496643066406e-01 5.224411375820636749e-03
1.obj 7.294117647058823151e-01 6.901960784313725394e-01 6.745098039215686736e-01 -3.207266330718994141e-01 -3.949410095810890198e-02 2.598722279071807861e-02 -3.419151471462100744e-05 -9.825286688283085823e-04 6.651302576065063477e-01
1.obj 6.901960784313725394e-01 4.784313725490196290e-01 6.313725490196078205e-01 -4.194309115409851074e-01 1.249641776084899902e-01 2.600001916289329529e-02 -9.609693661332130432e-04 -2.526813768781721592e-04 -5.702335238456726074e-01
0.obj 4.627450980392157076e-01 7.176470588235294157e-01 6.980392156862744724e-01 -6.861918568611145020e-01 5.779098719358444214e-03 1.347224228084087372e-02 1.570219993591308594e+00 1.177561521530151367e+00 -1.569648623466491699e+00
0.obj 1.000000000000000000e+00 6.156862745098039547e-01 6.549019607843137303e-01 -4.100827276706695557e-01 -1.688377931714057922e-03 9.240932017564773560e-02 -1.576877832412719727e+00 -1.021877288818359375e+00 1.567859530448913574e+00
1.obj 3.058823529411764941e-01 4.745098039215686070e-01 6.549019607843137303e-01 -4.497060775756835938e-01 -4.211781546473503113e-02 6.122910976409912109e-02 1.526000738143920898e+00 -1.144332051277160645e+00 5.734799504280090332e-01
0.obj 3.490196078431372362e-01 6.313725490196078205e-01 3.098039215686274606e-01 -3.377394080162048340e-01 -9.896303713321685791e-02 2.596955001354217529e-02 1.571390867233276367e+00 6.632634401321411133e-01 -3.140090227127075195e+00
0.obj 9.294117647058823817e-01 7.882352941176470340e-01 2.823529411764705843e-01 -5.395041108131408691e-01 8.190843276679515839e-03 6.544066220521926880e-02 1.568137884140014648e+00 1.012627243995666504e+00 1.575351715087890625e+00
1.obj 1.000000000000000000e+00 3.411764705882353033e-01 3.490196078431372362e-01 -7.174050807952880859e-01 9.288509935140609741e-02 2.598806843161582947e-02 -3.141061782836914062e+00 -5.985488533042371273e-04 -8.776059150695800781e-01
0.obj 6.117647058823529882e-01 4.588235294117646856e-01 3.725490196078431460e-01 -5.451707839965820312e-01 -1.699313968420028687e-01 2.599173225462436676e-02 -1.513170957565307617e+00 -1.535920858383178711e+00 5.761602148413658142e-02
1.obj 9.490196078431372140e-01 5.568627450980392357e-01 1.686274509803921684e-01 -5.234771966934204102e-01 1.455762684345245361e-01 3.436119854450225830e-02 -2.956735134124755859e+00 -5.256890058517456055e-01 3.543791770935058594e-01
0.obj 7.294117647058823151e-01 6.901960784313725394e-01 6.745098039215686736e-01 -3.469056785106658936e-01 1.110084503889083862e-01 2.597499825060367584e-02 1.565937757492065430e+00 -8.814632296562194824e-01 3.136420726776123047e+00
0.obj 6.901960784313725394e-01 4.784313725490196290e-01 6.313725490196078205e-01 -4.571761488914489746e-01 -1.520114243030548096e-01 4.039997234940528870e-02 -1.578398346900939941e+00 1.048080921173095703e+00 1.575849056243896484e+00
0.obj 4.627450980392157076e-01 7.176470588235294157e-01 6.980392156862744724e-01 -6.727153062820434570e-01 5.757036805152893066e-02 2.598858810961246490e-02 1.572933077812194824e+00 1.357970714569091797e+00 3.140754461288452148e+00
1.obj 1.000000000000000000e+00 6.156862745098039547e-01 6.549019607843137303e-01 -5.339409708976745605e-01 -1.271770298480987549e-01 5.296451970934867859e-02 -1.525636911392211914e+00 1.438152074813842773e+00 -4.623429104685783386e-02
